0.0,0.0
0.0001500000071246177,70.32925313711166
0.0003000000142492354,140.65350985527039
0.00044999999227002263,210.97251844406128
0.0006000000284984708,281.28612065315247
0.000750000006519258,351.594117641449
0.0008999999845400453,421.89631509780884
0.0010499999625608325,492.1925001144409
0.0012000000569969416,562.482470035553
0.0013500000350177288,632.7660074234009
0.001500000013038516,703.0428924560547
0.0016499999910593033,773.3128957748413
0.0017999999690800905,843.5757932662964
0.0019499999471008778,913.8313493728638
0.002099999925121665,984.07932472229
0.0022499999031424522,1054.3194665908813
0.002400000113993883,1124.5515222549438
0.0025500000920146704,1194.775242805481
0.0027000000700354576,1264.9903478622437
0.002850000048056245,1335.1965808868408
0.003000000026077032,1405.3936500549316
0.0031500000040978193,1475.5812892913818
0.0032999999821186066,1545.7591876983643
0.003449999960139394,1615.9270496368408
0.003599999938160181,1686.0845737457275
0.0037499999161809683,1756.2314262390137
0.0038999998942017555,1826.3673191070557
0.004050000105053186,1896.4919147491455
0.00419999985024333,1966.6048469543457
0.004350000061094761,2036.7057991027832
0.0044999998062849045,2106.79439163208
0.004650000017136335,2176.870277404785
0.004800000227987766,2246.933074951172
0.00494999997317791,2316.982406616211
0.005100000184029341,2387.017858505249
0.005249999929219484,2457.0390548706055
0.005400000140070915,2527.0455570220947
0.005549999885261059,2597.0369758605957
0.00570000009611249,2667.0128211975098
0.005849999841302633,2736.9726791381836
0.006000000052154064,2806.9160919189453
0.006149999797344208,2876.842571258545
0.006300000008195639,2946.7516441345215
0.0064500002190470695,3016.642810821533
0.006599999964237213,3086.515556335449
0.006750000175088644,3156.3693771362305
0.006899999920278788,3226.203712463379
0.0070500001311302185,3296.0179748535156
0.007199999876320362,3365.8116760253906
0.007350000087171793,3435.584186553955
0.007499999832361937,3505.3348999023438
0.0076500000432133675,3575.0632362365723
0.007799999788403511,3644.76851272583
0.00795000046491623,3714.450092315674
0.008100000210106373,3784.1073112487793
0.008249999955296516,3853.7395210266113
0.00839999970048666,3923.3459548950195
0.008550000376999378,3992.9259033203125
0.008700000122189522,4062.4786262512207
0.008849999867379665,4132.003391265869
0.008999999612569809,4201.499340057373
0.009150000289082527,4270.965705871582
0.00930000003427267,4340.4016456604
0.009449999779462814,4409.806259155273
0.009600000455975533,4479.1787033081055
0.009750000201165676,4548.518070220947
0.00989999994635582,4617.823398590088
0.010049999691545963,4687.0937576293945
0.010200000368058681,4756.328113555908
0.010350000113248825,4825.525505065918
0.010499999858438969,4894.684833526611
0.010649999603629112,4963.804973602295
0.01080000028014183,5032.884925842285
0.010950000025331974,5101.923477172852
0.011099999770522118,5170.919403076172
0.011250000447034836,5239.871597290039
0.01140000019222498,5308.778747558594
0.011549999937415123,5377.639587402344
0.011699999682605267,5446.452751159668
0.011850000359117985,5515.216903686523
0.012000000104308128,5583.930648803711
0.012149999849498272,5652.5925216674805
0.012299999594688416,5721.201019287109
0.012450000271201134,5789.754623413086
0.012600000016391277,5858.251770019531
0.012749999761581421,5926.690826416016
0.012900000438094139,5995.0700607299805
0.013050000183284283,6063.387809753418
0.013199999928474426,6131.642311096191
0.01334999967366457,6199.831642150879
0.013500000350177288,6267.953964233398
0.013650000095367432,6336.007362365723
0.013799999840557575,6403.9898681640625
0.013949999585747719,6471.899261474609
0.014100000262260437,6539.733573913574
0.01425000000745058,6607.490562438965
0.014399999752640724,6675.1679763793945
0.014550000429153442,6742.763526916504
0.014700000174343586,6810.274787902832
0.01484999991953373,6877.69938659668
0.014999999664723873,6945.034729003906
0.015150000341236591,7012.278221130371
0.015300000086426735,7079.4272384643555
0.015449999831616879,7146.479026794434
0.015599999576807022,7213.4306564331055
0.01575000025331974,7280.279312133789
0.01590000092983246,7347.021987915039
0.016049999743700027,7413.655654907227
0.016200000420212746,7480.1771240234375
0.016349999234080315,7546.583076477051
0.016499999910593033,7612.870292663574
0.01665000058710575,7679.035346984863
0.01679999940097332,7745.0747146606445
0.016950000077486038,7810.984687805176
0.017100000753998756,7876.761734008789
0.017249999567866325,7942.402000427246
0.017400000244379044,8007.9016189575195
0.017550000920891762,8073.256637573242
0.01769999973475933,8138.462951660156
0.01785000041127205,8203.516403198242
0.017999999225139618,8268.412788391113
0.018149999901652336,8333.147720336914
0.018300000578165054,8397.716812133789
0.018449999392032623,8462.115516662598
0.01860000006854534,8526.33920288086
0.01875000074505806,8590.383140563965
0.01889999955892563,8654.242622375488
0.019050000235438347,8717.912696838379
0.019200000911951065,8781.388496398926
0.019349999725818634,8844.664962768555
0.019500000402331352,8907.736991882324
0.01964999921619892,8970.599533081055
0.01979999989271164,9033.247261047363
0.019950000569224358,9095.674919128418
0.020099999383091927,9157.877258300781
0.020250000059604645,9219.848930358887
0.020400000736117363,9281.584480285645
0.020549999549984932,9343.078567504883
0.02070000022649765,9404.32585144043
0.02085000090301037,9465.320831298828
0.020999999716877937,9526.058235168457
0.021150000393390656,9586.532608032227
0.021299999207258224,9646.738655090332
0.021449999883770943,9706.671104431152
0.02160000056028366,9766.324813842773
0.02174999937415123,9825.694602966309
0.021900000050663948,9884.775466918945
0.022050000727176666,9943.562477111816
0.022199999541044235,10002.050888061523
0.022350000217556953,10060.236053466797
0.02250000089406967,10118.113548278809
0.02264999970793724,10175.679107666016
0.02280000038444996,10232.928565979004
0.022949999198317528,10289.858177185059
0.023099999874830246,10346.464210510254
0.023250000551342964,10402.743186950684
0.023399999365210533,10458.692115783691
0.02355000004172325,10514.308090209961
0.02370000071823597,10569.588485717773
0.02384999953210354,10624.530975341797
0.024000000208616257,10679.133666992188
0.024150000885128975,10733.394653320312
0.024299999698996544,10787.312713623047
0.024450000375509262,10840.886489868164
0.02459999918937683,10894.115356445312
0.02474999986588955,10946.998580932617
0.024900000542402267,10999.53579711914
0.025049999356269836,11051.727172851562
0.025200000032782555,11103.572677612305
0.025350000709295273,11155.072692871094
0.025499999523162842,11206.227630615234
0.02565000019967556,11257.03825378418
0.025800000876188278,11307.505325317383
0.025949999690055847,11357.629592895508
0.026100000366568565,11407.411819458008
0.026249999180436134,11456.852935791016
0.026399999856948853,11505.95346069336
0.02655000053346157,11554.714263916016
0.02669999934732914,11603.135726928711
0.026850000023841858,11651.21826171875
0.027000000700354576,11698.961990356445
0.027149999514222145,11746.366729736328
0.027300000190734863,11793.432159423828
0.02745000086724758,11840.157821655273
0.02759999968111515,11886.543090820312
0.02775000035762787,11932.586776733398
0.027899999171495438,11978.288024902344
0.028049999848008156,12023.645904541016
0.028200000524520874,12068.658996582031
0.028349999338388443,12113.326477050781
0.02850000001490116,12157.647644042969
0.02865000069141388,12201.621963500977
0.02879999950528145,12245.249328613281
0.028950000181794167,12288.530075073242
0.029100000858306885,12331.465148925781
0.029249999672174454,12374.056228637695
0.029400000348687172,12416.305252075195
0.02954999916255474,12458.215286254883
0.02969999983906746,12499.789672851562
0.029850000515580177,12541.032638549805
0.029999999329447746,12581.94873046875
0.030150000005960464,12622.543212890625
0.030300000682473183,12662.821670532227
0.03044999949634075,12702.790084838867
0.03060000017285347,12742.455032348633
0.030750000849366188,12781.82258605957
0.030899999663233757,12820.899856567383
0.031050000339746475,12859.693313598633
0.031199999153614044,12898.209777832031
0.03135000169277191,12936.456130981445
0.03150000050663948,12974.438903808594
0.03164999932050705,13012.164810180664
0.03180000185966492,13049.640380859375
0.031950000673532486,13086.871810913086
0.032099999487400055,13123.865325927734
0.032249998301267624,13160.627014160156
0.03240000084042549,13197.16259765625
0.03254999965429306,13233.477798461914
0.03269999846816063,13269.577987670898
0.0328500010073185,13305.46859741211
0.032999999821186066,13341.15461730957
0.033149998635053635,13376.641082763672
0.0333000011742115,13411.932739257812
0.03344999998807907,13447.034164428711
0.03359999880194664,13481.949829101562
0.03375000134110451,13516.684097290039
0.033900000154972076,13551.241027832031
0.034049998968839645,13585.624725341797
0.03420000150799751,13619.839096069336
0.03435000032186508,13653.887908935547
0.03449999913573265,13687.774810791016
0.03465000167489052,13721.503234863281
0.03480000048875809,13755.076766967773
0.034949999302625656,13788.498672485352
0.035100001841783524,13821.772109985352
0.03525000065565109,13854.900192260742
0.03539999946951866,13887.886032104492
0.03554999828338623,13920.732543945312
0.0357000008225441,13953.442626953125
0.03584999963641167,13986.018997192383
0.035999998450279236,14018.464248657227
0.0361500009894371,14050.781311035156
0.03629999980330467,14082.972427368164
0.03644999861717224,14115.040267944336
0.03660000115633011,14146.987091064453
0.03674999997019768,14178.815338134766
0.03689999878406525,14210.52734375
0.037050001323223114,14242.125106811523
0.03720000013709068,14273.61099243164
0.03734999895095825,14304.987091064453
0.03750000149011612,14336.255447387695
0.03765000030398369,14367.417922973633
0.03779999911785126,14398.476745605469
0.037950001657009125,14429.433502197266
0.038100000470876694,14460.290267944336
0.03824999928474426,14491.048583984375
0.03840000182390213,14521.710571289062
0.0385500006377697,14552.277587890625
0.03869999945163727,14582.751556396484
0.03884999826550484,14613.134033203125
0.039000000804662704,14643.426498413086
0.03914999961853027,14673.630615234375
0.03929999843239784,14703.747833251953
0.03945000097155571,14733.779647827148
0.03959999978542328,14763.727493286133
0.03974999859929085,14793.592666625977
0.039900001138448715,14823.376770019531
0.040049999952316284,14853.080871582031
0.04019999876618385,14882.706527709961
0.04035000130534172,14912.254898071289
0.04050000011920929,14941.727066040039
0.04064999893307686,14971.124404907227
0.040800001472234726,15000.448181152344
0.040950000286102295,15029.699295043945
0.041099999099969864,15058.87907409668
0.04125000163912773,15087.988555908203
0.0414000004529953,15117.028747558594
0.04154999926686287,15146.00082397461
0.04170000180602074,15174.905715942383
0.041850000619888306,15203.744491577148
0.041999999433755875,15232.517990112305
0.042149998247623444,15261.227310180664
0.04230000078678131,15289.87338256836
0.04244999960064888,15318.456939697266
0.04259999841451645,15346.979110717773
0.042750000953674316,15375.44058227539
0.042899999767541885,15403.842391967773
0.043049998581409454,15432.185104370117
0.04320000112056732,15460.469711303711
0.04334999993443489,15488.697052001953
0.04349999874830246,15516.867813110352
0.04365000128746033,15544.982650756836
0.043800000101327896,15573.042495727539
0.043949998915195465,15601.048049926758
0.04410000145435333,15628.999862670898
0.0442500002682209,15656.898849487305
0.04439999908208847,15684.745513916016
0.04455000162124634,15712.540710449219
0.04470000043511391,15740.284790039062
0.044849999248981476,15767.978561401367
0.04500000178813934,15795.622741699219
0.04515000060200691,15823.217819213867
0.04529999941587448,15850.764450073242
0.04544999822974205,15878.263061523438
0.04560000076889992,15905.714492797852
0.04574999958276749,15933.119003295898
0.045899998396635056,15960.477447509766
0.04605000093579292,15987.790161132812
0.04619999974966049,16015.057693481445
0.04634999856352806,16042.28060913086
0.04650000110268593,16069.45932006836
0.0466499999165535,16096.594467163086
0.046799998730421066,16123.686401367188
0.046950001269578934,16150.735702514648
0.0471000000834465,16177.742813110352
0.04724999889731407,16204.707962036133
0.04740000143647194,16231.631973266602
0.04755000025033951,16258.515060424805
0.04769999906420708,16285.357620239258
0.047850001603364944,16312.16032409668
0.04800000041723251,16338.92317199707
0.04814999923110008,16365.646926879883
0.04830000177025795,16392.331756591797
0.04845000058412552,16418.9783782959
0.04859999939799309,16445.58674621582
0.04874999821186066,16472.15740966797
0.048900000751018524,16498.69090270996
0.04904999956488609,16525.187393188477
0.04919999837875366,16551.64729309082
0.04935000091791153,16578.070846557617
0.0494999997317791,16604.458541870117
0.04964999854564667,16630.81071472168
0.049800001084804535,16657.127532958984
0.049949999898672104,16683.409439086914
0.05009999871253967,16709.65673828125
0.05025000125169754,16735.869735717773
0.05040000006556511,16762.048797607422
0.05054999887943268,16788.19398498535
0.050700001418590546,16814.30598449707
0.050850000232458115,16840.384719848633
0.050999999046325684,16866.430618286133
0.05115000158548355,16892.443878173828
0.05130000039935112,16918.425033569336
0.05144999921321869,16944.374053955078
0.051600001752376556,16970.29135131836
0.051750000566244125,16996.177124023438
0.051899999380111694,17022.031494140625
0.05204999819397926,17047.85516357422
0.05220000073313713,17073.64779663086
0.0523499995470047,17099.410202026367
0.05249999836087227,17125.14224243164
0.052650000900030136,17150.84408569336
0.052799999713897705,17176.516220092773
0.052949998527765274,17202.158905029297
0.05310000106692314,17227.77214050293
0.05324999988079071,17253.35609436035
0.05339999869465828,17278.911254882812
0.05355000123381615,17304.437789916992
0.053700000047683716,17329.93572998047
0.053849998861551285,17355.405227661133
0.05400000140070915,17380.846755981445
0.05415000021457672,17406.260452270508
0.05429999902844429,17431.646224975586
0.05445000156760216,17457.00457763672
0.05460000038146973,17482.335647583008
0.054749999195337296,17507.639602661133
0.05490000173449516,17532.91648864746
0.05505000054836273,17558.16664123535
0.0551999993622303,17583.390167236328
0.05534999817609787,17608.587371826172
0.05550000071525574,17633.75814819336
0.055649999529123306,17658.903045654297
0.055799998342990875,17684.021896362305
0.05595000088214874,17709.11508178711
0.05609999969601631,17734.18246459961
0.05624999850988388,17759.224563598633
0.05640000104904175,17784.2413482666
0.05654999986290932,17809.23307800293
0.056699998676776886,17834.199676513672
0.05685000121593475,17859.141510009766
0.05700000002980232,17884.058700561523
0.05714999884366989,17908.951461791992
0.05730000138282776,17933.819595336914
0.05745000019669533,17958.663681030273
0.0575999990105629,17983.4835357666
0.057750001549720764,18008.279571533203
0.05790000036358833,18033.051635742188
0.0580499991774559,18057.79998779297
0.05820000171661377,18082.524795532227
0.05835000053048134,18107.226318359375
0.05849999934434891,18131.90439605713
0.058649998158216476,18156.559326171875
0.058800000697374344,18181.191261291504
0.05894999951124191,18205.800132751465
0.05909999832510948,18230.386207580566
0.05925000086426735,18254.949615478516
0.05939999967813492,18279.49048614502
0.05954999849200249,18304.008728027344
0.059700001031160355,18328.50486755371
0.059849999845027924,18352.97869873047
0.05999999865889549,18377.430252075195
0.06015000119805336,18401.85991668701
0.06030000001192093,18426.267654418945
0.0604499988257885,18450.65367126465
0.060600001364946365,18475.01776123047
0.060750000178813934,18499.360626220703
0.0608999989926815,18523.681800842285
0.06105000153183937,18547.981636047363
0.06120000034570694,18572.260124206543
0.06134999915957451,18596.517463684082
0.061500001698732376,18620.753776550293
0.061650000512599945,18644.969047546387
0.061799999326467514,18669.16349029541
0.06194999814033508,18693.337043762207
0.06210000067949295,18717.490089416504
0.06224999949336052,18741.62233734131
0.06239999830722809,18765.73403930664
0.06255000084638596,18789.82554626465
0.06270000338554382,18813.89649963379
0.0628499984741211,18837.94719696045
0.06300000101327896,18861.97801208496
0.06315000355243683,18885.988403320312
0.0632999986410141,18909.978759765625
0.06345000118017197,18933.949584960938
0.06360000371932983,18957.900382995605
0.0637499988079071,18981.83140563965
0.06390000134706497,19005.742721557617
0.06404999643564224,19029.634620666504
0.06419999897480011,19053.50693511963
0.06435000151395798,19077.35977935791
0.06449999660253525,19101.193367004395
0.06464999914169312,19125.007652282715
0.06480000168085098,19148.80266571045
0.06494999676942825,19172.578590393066
0.06509999930858612,19196.335388183594
0.06525000184774399,19220.07357788086
0.06539999693632126,19243.79248046875
0.06554999947547913,19267.49253845215
0.065700002014637,19291.174018859863
0.06584999710321426,19314.836944580078
0.06599999964237213,19338.480812072754
0.06615000218153,19362.106422424316
0.06629999727010727,19385.713577270508
0.06644999980926514,19409.30210876465
0.066600002348423,19432.87239074707
0.06674999743700027,19456.424362182617
0.06689999997615814,19479.95832824707
0.06705000251531601,19503.473892211914
0.06719999760389328,19526.97132873535
0.06735000014305115,19550.450798034668
0.06750000268220901,19573.91229248047
0.06764999777078629,19597.355934143066
0.06780000030994415,19620.781661987305
0.06795000284910202,19644.189697265625
0.06809999793767929,19667.579864501953
0.06825000047683716,19690.952545166016
0.06840000301599503,19714.307418823242
0.0685499981045723,19737.644943237305
0.06870000064373016,19760.964729309082
0.06885000318288803,19784.2671585083
0.0689999982714653,19807.552291870117
0.06915000081062317,19830.820068359375
0.06930000334978104,19854.07054901123
0.0694499984383583,19877.303916931152
0.06960000097751617,19900.519973754883
0.06975000351667404,19923.71905517578
0.06989999860525131,19946.9009475708
0.07005000114440918,19970.065879821777
0.07020000368356705,19993.21392059326
0.07034999877214432,20016.344955444336
0.07050000131130219,20039.459228515625
0.07064999639987946,20062.55662536621
0.07079999893903732,20085.63726043701
0.07095000147819519,20108.70133972168
0.07109999656677246,20131.748626708984
0.07124999910593033,20154.7794342041
0.0714000016450882,20177.793670654297
0.07154999673366547,20200.79136657715
0.07169999927282333,20223.77261352539
0.0718500018119812,20246.737258911133
0.07199999690055847,20269.685745239258
0.07214999943971634,20292.617935180664
0.0723000019788742,20315.533782958984
0.07244999706745148,20338.433349609375
0.07259999960660934,20361.316848754883
0.07275000214576721,20384.184158325195
0.07289999723434448,20407.035369873047
0.07304999977350235,20429.87052154541
0.07320000231266022,20452.68980407715
0.07334999740123749,20475.493019104004
0.07349999994039536,20498.28044128418
0.07365000247955322,20521.05181121826
0.0737999975681305,20543.807357788086
0.07395000010728836,20566.54714202881
0.07410000264644623,20589.27113342285
0.0742499977350235,20611.979583740234
0.07440000027418137,20634.67219543457
0.07455000281333923,20657.34927368164
0.0746999979019165,20680.01065826416
0.07485000044107437,20702.65660095215
0.07500000298023224,20725.286949157715
0.07514999806880951,20747.901794433594
0.07530000060796738,20770.50128173828
0.07545000314712524,20793.085388183594
0.07559999823570251,20815.65407562256
0.07575000077486038,20838.207649230957
0.07590000331401825,20860.74565887451
0.07604999840259552,20883.268592834473
0.07620000094175339,20905.776344299316
0.07635000348091125,20928.26890563965
0.07649999856948853,20950.74631500244
0.07665000110864639,20973.208610534668
0.07680000364780426,20995.65584564209
0.07694999873638153,21018.088172912598
0.0771000012755394,21040.505279541016
0.07724999636411667,21062.90749359131
0.07739999890327454,21085.295066833496
0.0775500014424324,21107.667572021484
0.07769999653100967,21130.025024414062
0.07784999907016754,21152.36792755127
0.07800000160932541,21174.6958694458
0.07814999669790268,21197.009201049805
0.07829999923706055,21219.30771636963
0.07845000177621841,21241.5916595459
0.07859999686479568,21263.860816955566
0.07874999940395355,21286.115509033203
0.07890000194311142,21308.35548400879
0.07904999703168869,21330.58112335205
0.07919999957084656,21352.79193878174
0.07935000211000443,21374.988487243652
0.0794999971985817,21397.170616149902
0.07964999973773956,21419.33819580078
0.07980000227689743,21441.491409301758
0.0799499973654747,21463.630340576172
0.08009999990463257,21485.7547454834
0.08025000244379044,21507.865005493164
0.0803999975323677,21529.960968017578
0.08055000007152557,21552.042724609375
0.08070000261068344,21574.11026763916
0.08084999769926071,21596.16367340088
0.08100000023841858,21618.202728271484
0.08115000277757645,21640.227897644043
0.08129999786615372,21662.23890686035
0.08145000040531158,21684.23575592041
0.08160000294446945,21706.218643188477
0.08174999803304672,21728.187469482422
0.08190000057220459,21750.142555236816
0.08205000311136246,21772.083374023438
0.08219999819993973,21794.010398864746
0.0823500007390976,21815.923431396484
0.08250000327825546,21837.822776794434
0.08264999836683273,21859.708198547363
0.0828000009059906,21881.57985687256
0.08295000344514847,21903.4376373291
0.08309999853372574,21925.281898498535
0.0832500010728836,21947.112091064453
0.08340000361204147,21968.928840637207
0.08354999870061874,21990.73184967041
0.08370000123977661,22012.521240234375
0.08384999632835388,22034.296966552734
0.08399999886751175,22056.059120178223
0.08415000140666962,22077.8076171875
0.08429999649524689,22099.54264831543
0.08444999903440475,22121.26407623291
0.08460000157356262,22142.972160339355
0.08474999666213989,22164.666786193848
0.08489999920129776,22186.347770690918
0.08505000174045563,22208.01545715332
0.0851999968290329,22229.66973876953
0.08534999936819077,22251.310623168945
0.08550000190734863,22272.938285827637
0.0856499969959259,22294.552474975586
0.08579999953508377,22316.15364074707
0.08595000207424164,22337.74131011963
0.08609999716281891,22359.315643310547
0.08624999970197678,22380.876976013184
0.08640000224113464,22402.425018310547
0.08654999732971191,22423.95987701416
0.08669999986886978,22445.48169708252
0.08685000240802765,22466.99030303955
0.08699999749660492,22488.485717773438
0.08715000003576279,22509.968170166016
0.08730000257492065,22531.437576293945
0.08744999766349792,22552.8939743042
0.08760000020265579,22574.337203979492
0.08775000274181366,22595.767654418945
0.08789999783039093,22617.18500518799
0.0880500003695488,22638.589447021484
0.08820000290870667,22659.980987548828
0.08834999799728394,22681.35961151123
0.0885000005364418,22702.725357055664
0.08865000307559967,22724.07837677002
0.08879999816417694,22745.418334960938
0.08895000070333481,22766.7456741333
0.08910000324249268,22788.060173034668
0.08924999833106995,22809.3618850708
0.08940000087022781,22830.650955200195
0.08955000340938568,22851.92710876465
0.08969999849796295,22873.19073486328
0.08985000103712082,22894.441604614258
0.09000000357627869,22915.6798248291
0.09014999866485596,22936.905517578125
0.09030000120401382,22958.118438720703
0.0904499962925911,22979.318771362305
0.09059999883174896,23000.506706237793
0.09075000137090683,23021.68204498291
0.0908999964594841,23042.84467315674
0.09104999899864197,23063.994918823242
0.09120000153779984,23085.132690429688
0.0913499966263771,23106.258003234863
0.09149999916553497,23127.370834350586
0.09165000170469284,23148.471183776855
0.09179999679327011,23169.55926513672
0.09194999933242798,23190.634841918945
0.09210000187158585,23211.698066711426
0.09224999696016312,23232.749031066895
0.09239999949932098,23253.787567138672
0.09255000203847885,23274.813774108887
0.09269999712705612,23295.82778930664
0.09284999966621399,23316.829483032227
0.09300000220537186,23337.818885803223
0.09314999729394913,23358.796257019043
0.093299999833107,23379.76113128662
0.09345000237226486,23400.713890075684
0.09359999746084213,23421.65453338623
0.09375,23442.583045959473
0.09390000253915787,23463.499481201172
0.09404999762773514,23484.403839111328
0.094200000166893,23505.29584503174
0.09435000270605087,23526.175888061523
0.09449999779462814,23547.043907165527
0.09465000033378601,23567.899871826172
0.09480000287294388,23588.743759155273
0.09494999796152115,23609.57558441162
0.09510000050067902,23630.395545959473
0.09525000303983688,23651.20369720459
0.09539999812841415,23671.99952697754
0.09555000066757202,23692.78377532959
0.09570000320672989,23713.555854797363
0.09584999829530716,23734.316108703613
0.09600000083446503,23755.06452178955
0.0961500033736229,23775.801071166992
0.09629999846220016,23796.525871276855
0.09645000100135803,23817.238914489746
0.0966000035405159,23837.93970489502
0.09674999862909317,23858.629081726074
0.09690000116825104,23879.306549072266
0.0970500037074089,23899.972366333008
0.09719999879598618,23920.626403808594
0.09735000133514404,23941.268684387207
0.09749999642372131,23961.89917755127
0.09764999896287918,23982.518157958984
0.09780000150203705,24003.125328063965
0.09794999659061432,24023.721076965332
0.09809999912977219,24044.304969787598
0.09825000166893005,24064.87727355957
0.09839999675750732,24085.438026428223
0.09854999929666519,24105.987312316895
0.09870000183582306,24126.524757385254
0.09884999692440033,24147.050971984863
0.0989999994635582,24167.565299987793
0.09915000200271606,24188.068489074707
0.09929999709129333,24208.559867858887
0.0994499996304512,24229.04010772705
0.09960000216960907,24249.508422851562
0.09974999725818634,24269.96558380127
0.09989999979734421,24290.411293029785
0.10005000233650208,24310.84548187256
0.10019999742507935,24331.268356323242
0.10034999996423721,24351.679763793945
0.10050000250339508,24372.079872131348
0.10064999759197235,24392.468467712402
0.10080000013113022,24412.84600830078
0.10095000267028809,24433.212112426758
0.10109999775886536,24453.566833496094
0.10125000029802322,24473.91042327881
0.10140000283718109,24494.242614746094
0.10154999792575836,24514.56369781494
0.10170000046491623,24534.873329162598
0.1018500030040741,24555.17192840576
0.10199999809265137,24575.458908081055
0.10215000063180923,24595.73508453369
0.1023000031709671,24615.999908447266
0.10244999825954437,24636.253868103027
0.10260000079870224,24656.496253967285
0.10275000333786011,24676.72777557373
0.10289999842643738,24696.94802093506
0.10305000096559525,24717.157455444336
0.10320000350475311,24737.355323791504
0.10334999859333038,24757.542610168457
0.10350000113248825,24777.718551635742
0.10365000367164612,24797.883575439453
0.10379999876022339,24818.037605285645
0.10395000129938126,24838.18056488037
0.10409999638795853,24858.312385559082
0.1042499989271164,24878.433250427246
0.10440000146627426,24898.543334960938
0.10454999655485153,24918.64231109619
0.1046999990940094,24938.730506896973
0.10485000163316727,24958.80760192871
0.10499999672174454,24978.873832702637
0.1051499992609024,24998.92914581299
0.10530000180006027,25018.973663330078
0.10544999688863754,25039.007354736328
0.10559999942779541,25059.029907226562
0.10575000196695328,25079.04193878174
0.10589999705553055,25099.042892456055
0.10604999959468842,25119.03337097168
0.10620000213384628,25139.012893676758
0.10634999722242355,25158.981491088867
0.10649999976158142,25178.93953704834
0.10665000230073929,25198.88663482666
0.10679999738931656,25218.823211669922
0.10694999992847443,25238.749000549316
0.1071000024676323,25258.66396331787
0.10724999755620956,25278.56826019287
0.10740000009536743,25298.462280273438
0.1075500026345253,25318.345054626465
0.10769999772310257,25338.21736907959
0.10785000026226044,25358.079193115234
0.1080000028014183,25377.930252075195
0.10814999788999557,25397.770706176758
0.10830000042915344,25417.600624084473
0.10845000296831131,25437.419830322266
0.10859999805688858,25457.228645324707
0.10875000059604645,25477.026710510254
0.10890000313520432,25496.81438446045
0.10904999822378159,25516.591423034668
0.10920000076293945,25536.358085632324
0.10935000330209732,25556.11415863037
0.10949999839067459,25575.859657287598
0.10965000092983246,25595.594841003418
0.10980000346899033,25615.319480895996
0.1099499985575676,25635.033721923828
0.11010000109672546,25654.737350463867
0.11025000363588333,25674.43090057373
0.1103999987244606,25694.11382293701
0.11055000126361847,25713.78636932373
0.11069999635219574,25733.448417663574
0.11084999889135361,25753.100311279297
0.11100000143051147,25772.741744995117
0.11114999651908875,25792.372833251953
0.11129999905824661,25811.993850708008
0.11145000159740448,25831.604042053223
0.11159999668598175,25851.204277038574
0.11174999922513962,25870.794151306152
0.11190000176429749,25890.373527526855
0.11204999685287476,25909.94317626953
0.11219999939203262,25929.50210571289
0.11235000193119049,25949.050987243652
0.11249999701976776,25968.58953857422
0.11264999955892563,25988.118041992188
0.1128000020980835,26007.63623046875
0.11294999718666077,26027.144065856934
0.11309999972581863,26046.641845703125
0.1132500022649765,26066.12963104248
0.11339999735355377,26085.607131958008
0.11354999989271164,26105.074661254883
0.1137000024318695,26124.53187561035
0.11384999752044678,26143.97900390625
0.11400000005960464,26163.416046142578
0.11415000259876251,26182.842819213867
0.11429999768733978,26202.259757995605
0.11445000022649765,26221.666702270508
0.11460000276565552,26241.063301086426
0.11474999785423279,26260.450172424316
0.11490000039339066,26279.82709503174
0.11505000293254852,26299.193473815918
0.1151999980211258,26318.550354003906
0.11535000056028366,26337.89698791504
0.11550000309944153,26357.23371887207
0.1156499981880188,26376.560607910156
0.11580000072717667,26395.877265930176
0.11595000326633453,26415.18413543701
0.1160999983549118,26434.48097229004
0.11625000089406967,26453.768264770508
0.11640000343322754,26473.045448303223
0.11654999852180481,26492.31258392334
0.11670000106096268,26511.56983947754
0.11685000360012054,26530.817390441895
0.11699999868869781,26550.05527496338
0.11715000122785568,26569.282752990723
0.11729999631643295,26588.500900268555
0.11744999885559082,26607.70899963379
0.11760000139474869,26626.907302856445
0.11774999648332596,26646.095893859863
0.11789999902248383,26665.274620056152
0.1180500015616417,26684.443740844727
0.11819999665021896,26703.60287475586
0.11834999918937683,26722.752319335938
0.1185000017285347,26741.892082214355
0.11864999681711197,26761.02222442627
0.11879999935626984,26780.142402648926
0.1189500018954277,26799.2530670166
0.11909999698400497,26818.353996276855
0.11924999952316284,26837.44506072998
0.11940000206232071,26856.526710510254
0.11954999715089798,26875.598510742188
0.11969999969005585,26894.66096496582
0.11985000222921371,26913.713417053223
0.11999999731779099,26932.756317138672
0.12014999985694885,26951.789840698242
0.12030000239610672,26970.813537597656
0.12044999748468399,26989.827995300293
0.12060000002384186,27008.83242034912
0.12075000256299973,27027.827575683594
0.120899997651577,27046.813102722168
0.12105000019073486,27065.789039611816
0.12120000272989273,27084.75547027588
0.12134999781847,27103.712280273438
0.12150000035762787,27122.659622192383
0.12165000289678574,27141.597564697266
0.121799997985363,27160.526084899902
0.12195000052452087,27179.444984436035
0.12210000306367874,27198.354331970215
0.12224999815225601,27217.254402160645
0.12240000069141388,27236.145195007324
0.12255000323057175,27255.026123046875
0.12269999831914902,27273.897590637207
0.12285000085830688,27292.760139465332
0.12300000339746475,27311.613105773926
0.12314999848604202,27330.45669555664
0.12330000102519989,27349.290702819824
0.12345000356435776,27368.11550140381
0.12359999865293503,27386.930839538574
0.1237500011920929,27405.736961364746
0.12389999628067017,27424.533615112305
0.12404999881982803,27443.321281433105
0.1242000013589859,27462.099212646484
0.12434999644756317,27480.86801147461
0.12449999898672104,27499.627700805664
0.1246500015258789,27518.377769470215
0.12479999661445618,27537.11866378784
0.12494999915361404,27555.850578308105
0.1251000016927719,27574.572582244873
0.12524999678134918,27593.286178588867
0.12540000677108765,27611.98994064331
0.12555000185966492,27630.684841156006
0.1256999969482422,27649.370262145996
0.12585000693798065,27668.046657562256
0.12600000202655792,27686.71403503418
0.1261499971151352,27705.37180328369
0.12630000710487366,27724.020767211914
0.12645000219345093,27742.660598754883
0.1265999972820282,27761.291076660156
0.12675000727176666,27779.912384033203
0.12690000236034393,27798.5245552063
0.1270499974489212,27817.127811431885
0.12720000743865967,27835.721885681152
0.12735000252723694,27854.306880950928
0.1274999976158142,27872.882614135742
0.12764999270439148,27891.44956970215
0.12780000269412994,27910.007194519043
0.12794999778270721,27928.55588912964
0.12809999287128448,27947.095642089844
0.12825000286102295,27965.626235961914
0.12839999794960022,27984.147804260254
0.1285499930381775,28002.660427093506
0.12870000302791595,28021.16405105591
0.12884999811649323,28039.65866470337
0.1289999932050705,28058.14432144165
0.12915000319480896,28076.621013641357
0.12929999828338623,28095.088581085205
0.1294499933719635,28113.547328948975
0.12960000336170197,28131.997108459473
0.12974999845027924,28150.43797683716
0.1298999935388565,28168.869956970215
0.13005000352859497,28187.292896270752
0.13019999861717224,28205.706951141357
0.1303499937057495,28224.112190246582
0.13050000369548798,28242.508716583252
0.13064999878406525,28260.896060943604
0.13079999387264252,28279.274631500244
0.13095000386238098,28297.644580841064
0.13109999895095825,28316.0054397583
0.13124999403953552,28334.357524871826
0.131400004029274,28352.700923919678
0.13154999911785126,28371.035194396973
0.13169999420642853,28389.360748291016
0.131850004196167,28407.677711486816
0.13199999928474426,28425.985889434814
0.13214999437332153,28444.285110473633
0.13230000436306,28462.575561523438
0.13244999945163727,28480.85744857788
0.13259999454021454,28499.130504608154
0.132750004529953,28517.39490890503
0.13289999961853027,28535.650356292725
0.13304999470710754,28553.897296905518
0.133200004696846,28572.135345458984
0.13334999978542328,28590.36489868164
0.13349999487400055,28608.5856590271
0.133650004863739,28626.797702789307
0.13379999995231628,28645.001167297363
0.13394999504089355,28663.19589996338
0.13410000503063202,28681.38184738159
0.1342500001192093,28699.559535980225
0.13439999520778656,28717.728199005127
0.13455000519752502,28735.88847732544
0.1347000002861023,28754.040016174316
0.13484999537467957,28772.18293762207
0.13500000536441803,28790.317470550537
0.1351500004529953,28808.443130493164
0.13529999554157257,28826.560314178467
0.13545000553131104,28844.6690826416
0.1356000006198883,28862.76918411255
0.13574999570846558,28880.860538482666
0.13590000569820404,28898.943675994873
0.1360500007867813,28917.018196105957
0.13619999587535858,28935.08395767212
0.13635000586509705,28953.141395568848
0.13650000095367432,28971.190517425537
0.1366499960422516,28989.230926513672
0.13680000603199005,29007.262825012207
0.13695000112056732,29025.28648376465
0.1370999962091446,29043.301643371582
0.13725000619888306,29061.30799484253
0.13740000128746033,29079.305812835693
0.1375499963760376,29097.29567718506
0.13770000636577606,29115.277069091797
0.13785000145435333,29133.249767303467
0.1379999965429306,29151.214168548584
0.13815000653266907,29169.170070648193
0.13830000162124634,29187.117645263672
0.1384499967098236,29205.056972503662
0.13860000669956207,29222.987770080566
0.13875000178813934,29240.91024017334
0.1388999968767166,29258.824211120605
0.13905000686645508,29276.730297088623
0.13920000195503235,29294.627517700195
0.13934999704360962,29312.516452789307
0.13950000703334808,29330.39736557007
0.13965000212192535,29348.269592285156
0.13979999721050262,29366.133975982666
0.1399500072002411,29383.98966217041
0.14010000228881836,29401.8370552063
0.14024999737739563,29419.67658996582
0.1404000073671341,29437.507472991943
0.14055000245571136,29455.33005142212
0.14069999754428864,29473.144565582275
0.1408499926328659,29490.950798034668
0.14100000262260437,29508.748832702637
0.14114999771118164,29526.538639068604
0.1412999927997589,29544.319957733154
0.14145000278949738,29562.093132019043
0.14159999787807465,29579.8583984375
0.14174999296665192,29597.615310668945
0.14190000295639038,29615.363723754883
0.14204999804496765,29633.104400634766
0.14219999313354492,29650.836826324463
0.1423500031232834,29668.561080932617
0.14249999821186066,29686.276851654053
0.14264999330043793,29703.984977722168
0.1428000032901764,29721.6847076416
0.14294999837875366,29739.376388549805
0.14309999346733093,29757.059730529785
0.1432500034570694,29774.73524093628
0.14339999854564667,29792.40235519409
0.14354999363422394,29810.06163406372
0.1437000036239624,29827.712635040283
0.14384999871253967,29845.35570526123
0.14399999380111694,29862.990783691406
0.1441500037908554,29880.6174659729
0.14429999887943268,29898.236499786377
0.14444999396800995,29915.84716796875
0.1446000039577484,29933.449981689453
0.14474999904632568,29951.044536590576
0.14489999413490295,29968.631370544434
0.14505000412464142,29986.209957122803
0.1451999992132187,30003.780738830566
0.14534999430179596,30021.34344482422
0.14550000429153442,30038.898277282715
0.1456499993801117,30056.444622039795
0.14579999446868896,30073.983360290527
0.14595000445842743,30091.51443862915
0.1460999995470047,30109.03712081909
0.14624999463558197,30126.5518989563
0.14640000462532043,30144.05874633789
0.1465499997138977,30161.55764389038
0.14669999480247498,30179.048797607422
0.14685000479221344,30196.531829833984
0.1469999998807907,30214.007209777832
0.14714999496936798,30231.47431564331
0.14730000495910645,30248.933799743652
0.14745000004768372,30266.38528060913
0.147599995136261,30283.828998565674
0.14775000512599945,30301.26485824585
0.14790000021457672,30318.692764282227
0.148049995303154,30336.11298751831
0.14820000529289246,30353.52499771118
0.14835000038146973,30370.929328918457
0.148499995470047,30388.32598876953
0.14865000545978546,30405.714447021484
0.14880000054836273,30423.095386505127
0.14894999563694,30440.468837738037
0.14910000562667847,30457.833908081055
0.14925000071525574,30475.19150161743
0.149399995803833,30492.541046142578
0.14955000579357147,30509.88299179077
0.14970000088214874,30527.217178344727
0.149849995970726,30544.543453216553
0.15000000596046448,30561.862174987793
